
if( dp_de_dr == 0 && i == 6  && up_down == 0){
p[0] = -0.000148907;
p[1] = 0.0435373;
p[2] = -0.454339;
p[3] = 0.180425;
}

