
if( dp_de_dr == 0 && i == 6  && up_down == 0){
p[0] = -0.00408571;
p[1] = 0.145543;
p[2] = -0.172213;
p[3] = 0.193732;
p[4] = 0.0531367;
}

