
if( dp_de_dr == 0 && i == 6  && up_down == 0){
p[0] = 0.00612733;
p[1] = -0.129135;
p[2] = -0.13285;
p[3] = 0.174302;
p[4] = 0.0624058;
}

